3 : 25 90 8
1 : 6  2  120
2 : 12 31 26
3 : 21 85 2
3 : 15 65 12
2 : 6 44 33
2 : 10 27 46
2 : 9 18 31
2 : 10 31 25
1 : 8 16 48
3 : 17 77 15
3 : 10 58 9
3 : 16 81 9
1 : 6 10 20
1 : 6 9 56
2 : 12 48 38
1 : 10 20 66
1 : 2 5 90
1 : 13 25 78
3 : 20 88 15
2 : 7 39 35
2 : 8 52 40
3 : 19 80 6
3 : 15 68 17
3 : 16 90 4
1 : 11 30 90
1 : 3 19 80
2 : 14 75 45
1 : 7 28 55
1 : 3 21 74
3 : 20 56 1
1 : 5 18 81
2 : 11 65 38
2 : 17 50 63
3 : 10 99 3
3 : 18 74 11
1 : 9 32 76
1 : 8 24 61
2 : 4 59 32
3 : 18 93 14
2 : 15 75 48
2 : 18 44 50
1 : 1 11 100
1 : 2 13 37
2 : 20 55 50
3 : 11 77 5
2 : 6 67 41
2 : 14 39 66
1 : 3 22 49
2 : 13 48 58
3 : 5 89 8
3 : 8 79 11
3 : 13 85 20
1 : 3 16 72
2 : 4 40 49
1 : 8 34 68
3 : 15 62 1
2 : 17 35 48
3 : 28 55 2
1 : 6 23 73
