15 10 1 
18 10 1 
18 10 1 
15 9 1 
18 10 1 
42 22 2 
31 17 2 
35 21 2 
39 23 3 
31 18 2 
43 25 3 
40 22 3 
40 21 3 
41 23 3 
38 22 3 
57 30 3 
56 30 3 
50 28 3 
55 31 3 
59 31 3 
4 3 1 
9 7 1 
9 7 1 
9 5 1 
12 7 1 
17 10 2 
15 10 2 
17 9 2 
17 9 2 
19 10 2 
16 11 2 
14 8 1 
17 10 1 
20 11 2 
24 13 2 
22 13 2 
23 13 2 
24 14 2 
26 16 3 
23 13 3 
26 15 3 
23 12 3 
24 14 3 
20 11 3 
24 13 3 
22 11 3 
23 12 3 
28 16 3 
5 4 1 
7 4 1 
16 11 2 
17 11 2 
20 12 2 
15 9 2 
9 6 1 
61 36 3 
53 30 3 
48 27 3 
57 32 3 
55 31 3 
24 13 3 
23 12 3 
29 15 3 
31 17 3 
35 18 3 
20 12 3 
28 15 3 
32 17 3 
18 9 2 
34 19 3 
22 12 3 
35 18 3 
21 13 2 
30 16 3 
20 11 3 
29 15 2 
35 19 2 
31 17 2 
33 17 2 
34 19 2 
57 29 3 
54 30 3 
44 23 3 
51 27 3 
43 26 3 
6 3 1 
8 4 1 
6 4 1 
7 4 1 
2 1 1 
13 7 2 
17 10 2 
18 10 2 
17 10 2 
16 8 2 
4 2 1 
6 5 1 
8 5 1 
2 1 1 
5 3 1 
2 2 1 
4 3 1 
5 4 1 
4 2 1 
7 5 1 
13 8 2 
15 10 2 
18 10 2 
10 7 1 
17 11 2 
19 12 2 
20 13 2 
17 11 2 
15 11 2 
14 10 2 
13 9 1 
6 4 1 
8 6 1 
15 9 1 
12 8 1 
6 4 1 
14 9 1 
9 7 1 
16 9 1 
12 8 1 
14 8 1 
14 8 2 
13 8 1 
10 5 1 
7 4 1 
17 10 2 
18 9 2 
14 9 2 
13 8 1 
14 7 1 
