16 10 1
19 12 1
19 11 1
17 10 1
19 12 1
42 21 2
40 21 2
39 20 2
44 23 2
41 22 2
64 34 3
70 35 3
68 34 3
66 33 3
65 33 3
66 33 3
66 33 3
66 33 3
67 34 3
66 33 3
4 3 1
9 7 1
10 7 1
9 5 1
12 8 1
19 11 2
19 11 2
20 10 2
21 11 2
20 10 2
20 12 2
18 11 2
19 11 2
20 11 2
21 12 2
22 12 2
20 10 2
23 13 2
31 16 3
30 15 3
31 16 3
23 12 3
29 15 3
26 13 3
24 12 3
24 12 3
23 12 3
28 14 3
5 4 1
7 4 1
17 11 2
17 11 2
20 12 2
15 9 2
9 6 1
64 40 3
55 35 3
53 32 3
62 37 3
60 37 3
24 13 3
24 12 3
30 15 3
31 17 3
44 22 3
22 12 3
29 15 3
36 19 3
20 10 3
37 20 3
22 12 3
40 20 3
23 13 3
33 18 3
21 11 3
31 16 2
38 19 2
34 18 2
32 17 2
35 18 2
57 31 3
55 28 3
55 29 3
58 28 3
56 31 3
6 3 1
8 4 1
6 4 1
7 4 1
6 3 1
13 7 2
17 10 2
18 10 2
16 10 2
16 8 2
4 2 1
6 4 1
8 5 1
2 1 1
5 3 1
2 2 1
4 3 1
5 3 1
4 2 1
8 5 1
19 12 2
23 16 2
22 13 2
12 7 1
20 12 2
19 11 2
21 13 2
19 12 1
17 11 1
18 12 2
12 8 1
6 4 1
6 5 1
15 10 1
12 8 1
7 5 1
13 9 1
11 8 1
14 8 1
10 6 1
16 9 1
14 8 1
13 8 1
10 5 1
8 4 1
17 10 2
18 9 2
14 9 1
12 8 1
14 7 1
